['s', 75, 10, 0.011072874069213867]
['p', 75, 10, 0.8592004776000977]
['s', 75, 50, 0.05977892875671387]
['p', 75, 50, 0.90283203125]
['s', 75, 100, 0.11617016792297363]
['p', 75, 100, 0.9336209297180176]
['s', 75, 200, 0.23221921920776367]
['p', 75, 200, 0.969618558883667]
['s', 75, 300, 0.34297871589660645]
['p', 75, 300, 1.0203769207000732]
['s', 75, 400, 0.46541357040405273]
['p', 75, 400, 1.0617151260375977]
['s', 75, 500, 0.5856566429138184]
['p', 75, 500, 1.080134630203247]
['s', 75, 1000, 1.1335124969482422]
['p', 75, 1000, 1.2379536628723145]
['s', 75, 1500, 1.69972825050354]
['p', 75, 1500, 1.1850008964538574]
['s', 75, 2000, 2.2707159519195557]
['p', 75, 2000, 1.1969003677368164]
['s', 75, 3000, 3.4355649948120117]
['p', 75, 3000, 1.4263057708740234]
['s', 75, 4000, 4.5871217250823975]
['p', 75, 4000, 1.3037571907043457]
['s', 75, 5000, 5.7270588874816895]
['p', 75, 5000, 1.4015283584594727]
['s', 75, 6000, 6.859006404876709]
['p', 75, 6000, 1.3235516548156738]
['s', 75, 7000, 7.994402170181274]
['s', 75, 8000, 9.190008878707886]
['s', 75, 9000, 10.402221441268921]
['s', 75, 10000, 11.473900079727173]
['p', 75, 10000, 1.353227138519287]
