['s', 10, 5000, 0.23758840560913086]
['p', 10, 5000, 0.8506371974945068]
['s', 20, 5000, 0.6008443832397461]
['p', 20, 5000, 0.8618521690368652]
['s', 30, 5000, 1.128537893295288]
['p', 30, 5000, 0.9111855030059814]
['s', 40, 5000, 1.8289239406585693]
['p', 40, 5000, 1.0349411964416504]
['s', 50, 5000, 2.7236244678497314]
['p', 50, 5000, 1.1523282527923584]
['s', 60, 5000, 3.7627696990966797]
['p', 60, 5000, 1.1596903800964355]
['s', 70, 5000, 4.98761248588562]
['p', 70, 5000, 1.4433135986328125]
['s', 80, 5000, 6.456252098083496]
['p', 80, 5000, 1.5406341552734375]
['s', 90, 5000, 8.040092945098877]
['p', 90, 5000, 1.4702539443969727]
['s', 100, 5000, 9.872026205062866]
['p', 100, 5000, 2.261638879776001]
